1.1096534289e+02	-8.9713586117e+00	0.0000000000e+00
1.1095041440e+02	-8.9501680625e+00	0.0000000000e+00
1.1093547284e+02	-8.9289867321e+00	0.0000000000e+00
1.1092051809e+02	-8.9078147030e+00	0.0000000000e+00
1.1090555007e+02	-8.8866520578e+00	0.0000000000e+00
1.1089056868e+02	-8.8654988795e+00	0.0000000000e+00
1.1087557381e+02	-8.8443552512e+00	0.0000000000e+00
1.1086056536e+02	-8.8232212561e+00	0.0000000000e+00
1.1084554325e+02	-8.8020969769e+00	0.0000000000e+00
1.1083050740e+02	-8.7809824696e+00	0.0000000000e+00
1.1081545780e+02	-8.7598777625e+00	0.0000000000e+00
1.1080039443e+02	-8.7387828827e+00	0.0000000000e+00
1.1078531726e+02	-8.7176978569e+00	0.0000000000e+00
1.1077022629e+02	-8.6966227124e+00	0.0000000000e+00
1.1075512149e+02	-8.6755574761e+00	0.0000000000e+00
1.1074000285e+02	-8.6545021753e+00	0.0000000000e+00
1.1072487033e+02	-8.6334568370e+00	0.0000000000e+00
1.1070972394e+02	-8.6124214886e+00	0.0000000000e+00
1.1069456364e+02	-8.5913961573e+00	0.0000000000e+00
1.1067938943e+02	-8.5703808704e+00	0.0000000000e+00
1.1066420127e+02	-8.5493756554e+00	0.0000000000e+00
1.1064899916e+02	-8.5283805397e+00	0.0000000000e+00
1.1063378307e+02	-8.5073955508e+00	0.0000000000e+00
1.1061855298e+02	-8.4864207162e+00	0.0000000000e+00
1.1060330889e+02	-8.4654560633e+00	0.0000000000e+00
1.1058805075e+02	-8.4445016256e+00	0.0000000000e+00
1.1057277854e+02	-8.4235574470e+00	0.0000000000e+00
1.1055749220e+02	-8.4026235742e+00	0.0000000000e+00
1.1054219169e+02	-8.3817000537e+00	0.0000000000e+00
1.1052687698e+02	-8.3607869319e+00	0.0000000000e+00
1.1051154801e+02	-8.3398842557e+00	0.0000000000e+00
1.1049620475e+02	-8.3189920717e+00	0.0000000000e+00
1.1048084714e+02	-8.2981104268e+00	0.0000000000e+00
1.1046547515e+02	-8.2772393680e+00	0.0000000000e+00
1.1045008873e+02	-8.2563789425e+00	0.0000000000e+00
1.1043468785e+02	-8.2355291974e+00	0.0000000000e+00
1.1041927245e+02	-8.2146901799e+00	0.0000000000e+00
1.1040384250e+02	-8.1938619376e+00	0.0000000000e+00
1.1038839794e+02	-8.1730445180e+00	0.0000000000e+00
1.1037293875e+02	-8.1522379685e+00	0.0000000000e+00
1.1035746487e+02	-8.1314423370e+00	0.0000000000e+00
1.1034197627e+02	-8.1106576707e+00	0.0000000000e+00
1.1032647291e+02	-8.0898840154e+00	0.0000000000e+00
1.1031095473e+02	-8.0691214169e+00	0.0000000000e+00
1.1029542172e+02	-8.0483699209e+00	0.0000000000e+00
1.1027987382e+02	-8.0276295735e+00	0.0000000000e+00
1.1026431100e+02	-8.0069004206e+00	0.0000000000e+00
1.1024873322e+02	-7.9861825084e+00	0.0000000000e+00
1.1023314044e+02	-7.9654758831e+00	0.0000000000e+00
1.1021753262e+02	-7.9447805910e+00	0.0000000000e+00
1.1020190972e+02	-7.9240966786e+00	0.0000000000e+00
1.1018627171e+02	-7.9034241923e+00	0.0000000000e+00
1.1017061854e+02	-7.8827631790e+00	0.0000000000e+00
1.1015495018e+02	-7.8621136852e+00	0.0000000000e+00
1.1013926658e+02	-7.8414757579e+00	0.0000000000e+00
1.1012356772e+02	-7.8208494440e+00	0.0000000000e+00
1.1010785355e+02	-7.8002347905e+00	0.0000000000e+00
1.1009212403e+02	-7.7796318462e+00	0.0000000000e+00
1.1007637911e+02	-7.7590406621e+00	0.0000000000e+00
1.1006061877e+02	-7.7384612893e+00	0.0000000000e+00
1.1004484294e+02	-7.7178937792e+00	0.0000000000e+00
1.1002905159e+02	-7.6973381835e+00	0.0000000000e+00
1.1001324468e+02	-7.6767945537e+00	0.0000000000e+00
1.0999742217e+02	-7.6562629416e+00	0.0000000000e+00
1.0998158400e+02	-7.6357433989e+00	0.0000000000e+00
1.0996573014e+02	-7.6152359778e+00	0.0000000000e+00
1.0994986055e+02	-7.5947407303e+00	0.0000000000e+00
1.0993397518e+02	-7.5742577086e+00	0.0000000000e+00
1.0991807399e+02	-7.5537869651e+00	0.0000000000e+00
1.0990215694e+02	-7.5333285522e+00	0.0000000000e+00
1.0988622398e+02	-7.5128825225e+00	0.0000000000e+00
1.0987027508e+02	-7.4924489287e+00	0.0000000000e+00
1.0985431020e+02	-7.4720278239e+00	0.0000000000e+00
1.0983832928e+02	-7.4516192625e+00	0.0000000000e+00
1.0982233228e+02	-7.4312233000e+00	0.0000000000e+00
1.0980631917e+02	-7.4108399919e+00	0.0000000000e+00
1.0979028988e+02	-7.3904693940e+00	0.0000000000e+00
1.0977424439e+02	-7.3701115621e+00	0.0000000000e+00
1.0975818264e+02	-7.3497665519e+00	0.0000000000e+00
1.0974210460e+02	-7.3294344197e+00	0.0000000000e+00
1.0972601021e+02	-7.3091152217e+00	0.0000000000e+00
1.0970989944e+02	-7.2888090141e+00	0.0000000000e+00
1.0969377223e+02	-7.2685158534e+00	0.0000000000e+00
1.0967762855e+02	-7.2482357962e+00	0.0000000000e+00
1.0966146835e+02	-7.2279688993e+00	0.0000000000e+00
1.0964529159e+02	-7.2077152194e+00	0.0000000000e+00
1.0962909822e+02	-7.1874748136e+00	0.0000000000e+00
1.0961288821e+02	-7.1672477391e+00	0.0000000000e+00
1.0959666150e+02	-7.1470340545e+00	0.0000000000e+00
1.0958041804e+02	-7.1268338203e+00	0.0000000000e+00
1.0956415781e+02	-7.1066470971e+00	0.0000000000e+00
1.0954788073e+02	-7.0864739456e+00	0.0000000000e+00
1.0953158678e+02	-7.0663144268e+00	0.0000000000e+00
1.0951527590e+02	-7.0461686016e+00	0.0000000000e+00
1.0949894804e+02	-7.0260365314e+00	0.0000000000e+00
1.0948260316e+02	-7.0059182775e+00	0.0000000000e+00
1.0946624122e+02	-6.9858139014e+00	0.0000000000e+00
1.0944986216e+02	-6.9657234647e+00	0.0000000000e+00
1.0943346595e+02	-6.9456470292e+00	0.0000000000e+00
1.0941705253e+02	-6.9255846570e+00	0.0000000000e+00
1.0940062185e+02	-6.9055364099e+00	0.0000000000e+00
1.0938417389e+02	-6.8855023504e+00	0.0000000000e+00
1.0936770858e+02	-6.8654825408e+00	0.0000000000e+00
1.0935122588e+02	-6.8454770449e+00	0.0000000000e+00
1.0933472575e+02	-6.8254859286e+00	0.0000000000e+00
1.0931820813e+02	-6.8055092578e+00	0.0000000000e+00
1.0930167297e+02	-6.7855470986e+00	0.0000000000e+00
1.0928512024e+02	-6.7655995176e+00	0.0000000000e+00
1.0926854986e+02	-6.7456665812e+00	0.0000000000e+00
1.0925196181e+02	-6.7257483561e+00	0.0000000000e+00
1.0923535603e+02	-6.7058449091e+00	0.0000000000e+00
1.0921873247e+02	-6.6859563073e+00	0.0000000000e+00
1.0920209109e+02	-6.6660826179e+00	0.0000000000e+00
1.0918543184e+02	-6.6462239081e+00	0.0000000000e+00
1.0916875466e+02	-6.6263802456e+00	0.0000000000e+00
1.0915205951e+02	-6.6065516979e+00	0.0000000000e+00
1.0913534635e+02	-6.5867383329e+00	0.0000000000e+00
1.0911861513e+02	-6.5669402187e+00	0.0000000000e+00
1.0910186580e+02	-6.5471574253e+00	0.0000000000e+00
1.0908509830e+02	-6.5273900244e+00	0.0000000000e+00
1.0906831258e+02	-6.5076380880e+00	0.0000000000e+00
1.0905150861e+02	-6.4879016883e+00	0.0000000000e+00
1.0903468631e+02	-6.4681808977e+00	0.0000000000e+00
1.0901784565e+02	-6.4484757886e+00	0.0000000000e+00
1.0900098658e+02	-6.4287864339e+00	0.0000000000e+00
1.0898410903e+02	-6.4091129064e+00	0.0000000000e+00
1.0896721297e+02	-6.3894552793e+00	0.0000000000e+00
1.0895029835e+02	-6.3698136257e+00	0.0000000000e+00
1.0893336510e+02	-6.3501880192e+00	0.0000000000e+00
1.0891641319e+02	-6.3305785333e+00	0.0000000000e+00
1.0889944257e+02	-6.3109852420e+00	0.0000000000e+00
1.0888245318e+02	-6.2914082191e+00	0.0000000000e+00
1.0886544498e+02	-6.2718475396e+00	0.0000000000e+00
1.0884841791e+02	-6.2523032804e+00	0.0000000000e+00
1.0883137192e+02	-6.2327755200e+00	0.0000000000e+00
1.0881430696e+02	-6.2132643369e+00	0.0000000000e+00
1.0879722297e+02	-6.1937698098e+00	0.0000000000e+00
1.0878011991e+02	-6.1742920176e+00	0.0000000000e+00
1.0876299772e+02	-6.1548310395e+00	0.0000000000e+00
1.0874585634e+02	-6.1353869546e+00	0.0000000000e+00
1.0872869573e+02	-6.1159598426e+00	0.0000000000e+00
1.0871151584e+02	-6.0965497832e+00	0.0000000000e+00
1.0869431661e+02	-6.0771568563e+00	0.0000000000e+00
1.0867709799e+02	-6.0577811421e+00	0.0000000000e+00
1.0865985993e+02	-6.0384227208e+00	0.0000000000e+00
1.0864260238e+02	-6.0190816730e+00	0.0000000000e+00
1.0862532529e+02	-5.9997580796e+00	0.0000000000e+00
1.0860802860e+02	-5.9804520236e+00	0.0000000000e+00
1.0859071227e+02	-5.9611635900e+00	0.0000000000e+00
1.0857337623e+02	-5.9418928642e+00	0.0000000000e+00
1.0855602043e+02	-5.9226399319e+00	0.0000000000e+00
1.0853864482e+02	-5.9034048788e+00	0.0000000000e+00
1.0852124934e+02	-5.8841877909e+00	0.0000000000e+00
1.0850383394e+02	-5.8649887547e+00	0.0000000000e+00
1.0848639856e+02	-5.8458078565e+00	0.0000000000e+00
1.0846894316e+02	-5.8266451830e+00	0.0000000000e+00
1.0845146768e+02	-5.8075008213e+00	0.0000000000e+00
1.0843397206e+02	-5.7883748585e+00	0.0000000000e+00
1.0841645625e+02	-5.7692673820e+00	0.0000000000e+00
1.0839892020e+02	-5.7501784795e+00	0.0000000000e+00
1.0838136386e+02	-5.7311082387e+00	0.0000000000e+00
1.0836378718e+02	-5.7120567497e+00	0.0000000000e+00
1.0834619009e+02	-5.6930241048e+00	0.0000000000e+00
1.0832857254e+02	-5.6740103969e+00	0.0000000000e+00
1.0831093447e+02	-5.6550157194e+00	0.0000000000e+00
1.0829327583e+02	-5.6360401654e+00	0.0000000000e+00
1.0827559656e+02	-5.6170838287e+00	0.0000000000e+00
1.0825789661e+02	-5.5981468032e+00	0.0000000000e+00
1.0824017593e+02	-5.5792291831e+00	0.0000000000e+00
1.0822243444e+02	-5.5603310627e+00	0.0000000000e+00
1.0820467211e+02	-5.5414525368e+00	0.0000000000e+00
1.0818688888e+02	-5.5225937002e+00	0.0000000000e+00
1.0816908469e+02	-5.5037546480e+00	0.0000000000e+00
1.0815125948e+02	-5.4849354758e+00	0.0000000000e+00
1.0813341321e+02	-5.4661362792e+00	0.0000000000e+00
1.0811554582e+02	-5.4473571562e+00	0.0000000000e+00
1.0809765725e+02	-5.4285982073e+00	0.0000000000e+00
1.0807974744e+02	-5.4098595334e+00	0.0000000000e+00
1.0806181633e+02	-5.3911412355e+00	0.0000000000e+00
1.0804386388e+02	-5.3724434152e+00	0.0000000000e+00
1.0802589001e+02	-5.3537661740e+00	0.0000000000e+00
1.0800789468e+02	-5.3351096140e+00	0.0000000000e+00
1.0798987783e+02	-5.3164738374e+00	0.0000000000e+00
1.0797183940e+02	-5.2978589468e+00	0.0000000000e+00
1.0795377933e+02	-5.2792650450e+00	0.0000000000e+00
1.0793569758e+02	-5.2606922350e+00	0.0000000000e+00
1.0791759408e+02	-5.2421406202e+00	0.0000000000e+00
1.0789946878e+02	-5.2236103043e+00	0.0000000000e+00
1.0788132162e+02	-5.2051013914e+00	0.0000000000e+00
1.0786315255e+02	-5.1866139893e+00	0.0000000000e+00
1.0784496150e+02	-5.1681482074e+00	0.0000000000e+00
1.0782674843e+02	-5.1497041554e+00	0.0000000000e+00
1.0780851326e+02	-5.1312819434e+00	0.0000000000e+00
1.0779025595e+02	-5.1128816817e+00	0.0000000000e+00
1.0777197643e+02	-5.0945034810e+00	0.0000000000e+00
1.0775367464e+02	-5.0761474524e+00	0.0000000000e+00
1.0773535053e+02	-5.0578137071e+00	0.0000000000e+00
1.0771700405e+02	-5.0395023567e+00	0.0000000000e+00
1.0769863512e+02	-5.0212135131e+00	0.0000000000e+00
1.0768024371e+02	-5.0029472885e+00	0.0000000000e+00
1.0766182974e+02	-4.9847037955e+00	0.0000000000e+00
1.0764339317e+02	-4.9664831469e+00	0.0000000000e+00
1.0762493394e+02	-4.9482854576e+00	0.0000000000e+00
1.0760645198e+02	-4.9301108456e+00	0.0000000000e+00
1.0758794725e+02	-4.9119594297e+00	0.0000000000e+00
1.0756941967e+02	-4.8938313292e+00	0.0000000000e+00
1.0755086919e+02	-4.8757266634e+00	0.0000000000e+00
1.0753229575e+02	-4.8576455521e+00	0.0000000000e+00
1.0751369930e+02	-4.8395881156e+00	0.0000000000e+00
1.0749507977e+02	-4.8215544742e+00	0.0000000000e+00
1.0747643710e+02	-4.8035447488e+00	0.0000000000e+00
1.0745777125e+02	-4.7855590606e+00	0.0000000000e+00
1.0743908214e+02	-4.7675975310e+00	0.0000000000e+00
1.0742036973e+02	-4.7496602818e+00	0.0000000000e+00
1.0740163396e+02	-4.7317474353e+00	0.0000000000e+00
1.0738287478e+02	-4.7138591149e+00	0.0000000000e+00
1.0736409211e+02	-4.6959954480e+00	0.0000000000e+00
1.0734528590e+02	-4.6781565631e+00	0.0000000000e+00
1.0732645610e+02	-4.6603425890e+00	0.0000000000e+00
1.0730760264e+02	-4.6425536552e+00	0.0000000000e+00
1.0728872546e+02	-4.6247898912e+00	0.0000000000e+00
1.0726982451e+02	-4.6070514271e+00	0.0000000000e+00
1.0725089972e+02	-4.5893383933e+00	0.0000000000e+00
1.0723195104e+02	-4.5716509205e+00	0.0000000000e+00
1.0721297841e+02	-4.5539891399e+00	0.0000000000e+00
1.0719398178e+02	-4.5363531830e+00	0.0000000000e+00
1.0717496108e+02	-4.5187431818e+00	0.0000000000e+00
1.0715591626e+02	-4.5011592683e+00	0.0000000000e+00
1.0713684726e+02	-4.4836015763e+00	0.0000000000e+00
1.0711775403e+02	-4.4660702432e+00	0.0000000000e+00
1.0709863650e+02	-4.4485654079e+00	0.0000000000e+00
1.0707949461e+02	-4.4310872097e+00	0.0000000000e+00
1.0706032831e+02	-4.4136357883e+00	0.0000000000e+00
1.0704113754e+02	-4.3962112840e+00	0.0000000000e+00
1.0702192223e+02	-4.3788138371e+00	0.0000000000e+00
1.0700268234e+02	-4.3614435887e+00	0.0000000000e+00
1.0698341779e+02	-4.3441006802e+00	0.0000000000e+00
1.0696412854e+02	-4.3267852532e+00	0.0000000000e+00
1.0694481453e+02	-4.3094974499e+00	0.0000000000e+00
1.0692547570e+02	-4.2922374130e+00	0.0000000000e+00
1.0690611200e+02	-4.2750052853e+00	0.0000000000e+00
1.0688672337e+02	-4.2578012118e+00	0.0000000000e+00
1.0686730975e+02	-4.2406253413e+00	0.0000000000e+00
1.0684787108e+02	-4.2234778238e+00	0.0000000000e+00
1.0682840731e+02	-4.2063588094e+00	0.0000000000e+00
1.0680891837e+02	-4.1892684492e+00	0.0000000000e+00
1.0678940421e+02	-4.1722068942e+00	0.0000000000e+00
1.0676986477e+02	-4.1551742963e+00	0.0000000000e+00
1.0675029999e+02	-4.1381708074e+00	0.0000000000e+00
1.0673070982e+02	-4.1211965803e+00	0.0000000000e+00
1.0671109420e+02	-4.1042517679e+00	0.0000000000e+00
1.0669145308e+02	-4.0873365236e+00	0.0000000000e+00
1.0667178640e+02	-4.0704510014e+00	0.0000000000e+00
1.0665209410e+02	-4.0535953557e+00	0.0000000000e+00
1.0663237614e+02	-4.0367697445e+00	0.0000000000e+00
1.0661263246e+02	-4.0199743285e+00	0.0000000000e+00
1.0659286299e+02	-4.0032092693e+00	0.0000000000e+00
1.0657306768e+02	-3.9864747289e+00	0.0000000000e+00
1.0655324647e+02	-3.9697708696e+00	0.0000000000e+00
1.0653339931e+02	-3.9530978545e+00	0.0000000000e+00
1.0651352614e+02	-3.9364558469e+00	0.0000000000e+00
1.0649362692e+02	-3.9198450109e+00	0.0000000000e+00
1.0647370157e+02	-3.9032655107e+00	0.0000000000e+00
1.0645375006e+02	-3.8867175112e+00	0.0000000000e+00
1.0643377232e+02	-3.8702011779e+00	0.0000000000e+00
1.0641376831e+02	-3.8537166764e+00	0.0000000000e+00
1.0639373798e+02	-3.8372641745e+00	0.0000000000e+00
1.0637368126e+02	-3.8208438441e+00	0.0000000000e+00
1.0635359811e+02	-3.8044558584e+00	0.0000000000e+00
1.0633348846e+02	-3.7881003908e+00	0.0000000000e+00
1.0631335227e+02	-3.7717776155e+00	0.0000000000e+00
1.0629318948e+02	-3.7554877073e+00	0.0000000000e+00
1.0627300004e+02	-3.7392308414e+00	0.0000000000e+00
1.0625278390e+02	-3.7230071934e+00	0.0000000000e+00
1.0623254100e+02	-3.7068169395e+00	0.0000000000e+00
1.0621227130e+02	-3.6906602567e+00	0.0000000000e+00
1.0619197475e+02	-3.6745373220e+00	0.0000000000e+00
1.0617165129e+02	-3.6584483133e+00	0.0000000000e+00
1.0615130088e+02	-3.6423934097e+00	0.0000000000e+00
1.0613092346e+02	-3.6263727943e+00	0.0000000000e+00
1.0611051899e+02	-3.6103866523e+00	0.0000000000e+00
1.0609008741e+02	-3.5944351692e+00	0.0000000000e+00
1.0606962868e+02	-3.5785185311e+00	0.0000000000e+00
1.0604914274e+02	-3.5626369250e+00	0.0000000000e+00
1.0602862954e+02	-3.5467905380e+00	0.0000000000e+00
1.0600808904e+02	-3.5309795581e+00	0.0000000000e+00
1.0598752120e+02	-3.5152041736e+00	0.0000000000e+00
1.0596692595e+02	-3.4994645736e+00	0.0000000000e+00
1.0594630326e+02	-3.4837609477e+00	0.0000000000e+00
1.0592565308e+02	-3.4680934857e+00	0.0000000000e+00
1.0590497537e+02	-3.4524623793e+00	0.0000000000e+00
1.0588427008e+02	-3.4368678237e+00	0.0000000000e+00
1.0586353717e+02	-3.4213100165e+00	0.0000000000e+00
1.0584277658e+02	-3.4057891555e+00	0.0000000000e+00
1.0582198827e+02	-3.3903054395e+00	0.0000000000e+00
1.0580117220e+02	-3.3748590675e+00	0.0000000000e+00
1.0578032833e+02	-3.3594502396e+00	0.0000000000e+00
1.0575945660e+02	-3.3440791560e+00	0.0000000000e+00
1.0573855698e+02	-3.3287460178e+00	0.0000000000e+00
1.0571762943e+02	-3.3134510266e+00	0.0000000000e+00
1.0569667390e+02	-3.2981943846e+00	0.0000000000e+00
1.0567569037e+02	-3.2829762946e+00	0.0000000000e+00
1.0565467877e+02	-3.2677969610e+00	0.0000000000e+00
1.0563363909e+02	-3.2526565919e+00	0.0000000000e+00
1.0561257127e+02	-3.2375553970e+00	0.0000000000e+00
1.0559147527e+02	-3.2224935863e+00	0.0000000000e+00
1.0557035106e+02	-3.2074713707e+00	0.0000000000e+00
1.0554919860e+02	-3.1924889618e+00	0.0000000000e+00
1.0552801785e+02	-3.1775465717e+00	0.0000000000e+00
1.0550680878e+02	-3.1626444131e+00	0.0000000000e+00
1.0548557134e+02	-3.1477826994e+00	0.0000000000e+00
1.0546430551e+02	-3.1329616446e+00	0.0000000000e+00
1.0544301125e+02	-3.1181814635e+00	0.0000000000e+00
1.0542168853e+02	-3.1034423712e+00	0.0000000000e+00
1.0540033732e+02	-3.0887445859e+00	0.0000000000e+00
1.0537895758e+02	-3.0740883286e+00	0.0000000000e+00
1.0535754928e+02	-3.0594738215e+00	0.0000000000e+00
1.0533611239e+02	-3.0449012872e+00	0.0000000000e+00
1.0531464687e+02	-3.0303709493e+00	0.0000000000e+00
1.0529315270e+02	-3.0158830319e+00	0.0000000000e+00
1.0527162984e+02	-3.0014377596e+00	0.0000000000e+00
1.0525007828e+02	-2.9870353581e+00	0.0000000000e+00
1.0522849797e+02	-2.9726760534e+00	0.0000000000e+00
1.0520688890e+02	-2.9583600723e+00	0.0000000000e+00
1.0518525104e+02	-2.9440876423e+00	0.0000000000e+00
1.0516358437e+02	-2.9298589918e+00	0.0000000000e+00
1.0514188886e+02	-2.9156743527e+00	0.0000000000e+00
1.0512016449e+02	-2.9015339582e+00	0.0000000000e+00
1.0509841123e+02	-2.8874380424e+00	0.0000000000e+00
1.0507662906e+02	-2.8733868398e+00	0.0000000000e+00
1.0505481796e+02	-2.8593805858e+00	0.0000000000e+00
1.0503297791e+02	-2.8454195167e+00	0.0000000000e+00
1.0501110889e+02	-2.8315038691e+00	0.0000000000e+00
1.0498921089e+02	-2.8176338806e+00	0.0000000000e+00
1.0496728388e+02	-2.8038097894e+00	0.0000000000e+00
1.0494532785e+02	-2.7900318343e+00	0.0000000000e+00
1.0492334279e+02	-2.7763002550e+00	0.0000000000e+00
1.0490132868e+02	-2.7626152935e+00	0.0000000000e+00
1.0487928551e+02	-2.7489771937e+00	0.0000000000e+00
1.0485721326e+02	-2.7353862003e+00	0.0000000000e+00
1.0483511193e+02	-2.7218425587e+00	0.0000000000e+00
1.0481298150e+02	-2.7083465152e+00	0.0000000000e+00
1.0479082196e+02	-2.6948983166e+00	0.0000000000e+00
1.0476863331e+02	-2.6814982106e+00	0.0000000000e+00
1.0474641553e+02	-2.6681464456e+00	0.0000000000e+00
1.0472416863e+02	-2.6548432705e+00	0.0000000000e+00
1.0470189259e+02	-2.6415889353e+00	0.0000000000e+00
1.0467958742e+02	-2.6283836903e+00	0.0000000000e+00
1.0465725311e+02	-2.6152277877e+00	0.0000000000e+00
1.0463488966e+02	-2.6021214810e+00	0.0000000000e+00
1.0461249707e+02	-2.5890650248e+00	0.0000000000e+00
1.0459007534e+02	-2.5760586741e+00	0.0000000000e+00
1.0456762447e+02	-2.5631026851e+00	0.0000000000e+00
1.0454514446e+02	-2.5501973143e+00	0.0000000000e+00
1.0452263533e+02	-2.5373428194e+00	0.0000000000e+00
1.0450009707e+02	-2.5245394586e+00	0.0000000000e+00
1.0447752969e+02	-2.5117874906e+00	0.0000000000e+00
1.0445493321e+02	-2.4990871754e+00	0.0000000000e+00
1.0443230762e+02	-2.4864387731e+00	0.0000000000e+00
1.0440965295e+02	-2.4738425450e+00	0.0000000000e+00
1.0438696920e+02	-2.4612987532e+00	0.0000000000e+00
1.0436425639e+02	-2.4488076607e+00	0.0000000000e+00
1.0434151453e+02	-2.4363695313e+00	0.0000000000e+00
1.0431874364e+02	-2.4239846293e+00	0.0000000000e+00
1.0429594374e+02	-2.4116532202e+00	0.0000000000e+00
1.0427311484e+02	-2.3993755699e+00	0.0000000000e+00
1.0425025697e+02	-2.3871519452e+00	0.0000000000e+00
1.0422737015e+02	-2.3749826136e+00	0.0000000000e+00
1.0420445440e+02	-2.3628678433e+00	0.0000000000e+00
1.0418150975e+02	-2.3508079031e+00	0.0000000000e+00
1.0415853622e+02	-2.3388030617e+00	0.0000000000e+00
1.0413553385e+02	-2.3268535881e+00	0.0000000000e+00
1.0411250265e+02	-2.3149597521e+00	0.0000000000e+00
1.0408944267e+02	-2.3031218243e+00	0.0000000000e+00
1.0406635394e+02	-2.2913400760e+00	0.0000000000e+00
1.0404323649e+02	-2.2796147795e+00	0.0000000000e+00
1.0402009035e+02	-2.2679462075e+00	0.0000000000e+00
1.0399691557e+02	-2.2563346337e+00	0.0000000000e+00
1.0397371218e+02	-2.2447803324e+00	0.0000000000e+00
1.0395048022e+02	-2.2332835787e+00	0.0000000000e+00
1.0392721974e+02	-2.2218446475e+00	0.0000000000e+00
1.0390393078e+02	-2.2104638125e+00	0.0000000000e+00
1.0388061338e+02	-2.1991413473e+00	0.0000000000e+00
1.0385726760e+02	-2.1878775267e+00	0.0000000000e+00
1.0383389348e+02	-2.1766726259e+00	0.0000000000e+00
1.0381049108e+02	-2.1655269210e+00	0.0000000000e+00
1.0378706044e+02	-2.1544406890e+00	0.0000000000e+00
1.0376360163e+02	-2.1434142075e+00	0.0000000000e+00
1.0374011469e+02	-2.1324477548e+00	0.0000000000e+00
1.0371659969e+02	-2.1215416099e+00	0.0000000000e+00
1.0369305669e+02	-2.1106960525e+00	0.0000000000e+00
1.0366948574e+02	-2.0999113598e+00	0.0000000000e+00
1.0364588691e+02	-2.0891878076e+00	0.0000000000e+00
1.0362226028e+02	-2.0785256722e+00	0.0000000000e+00
1.0359860589e+02	-2.0679252305e+00	0.0000000000e+00
1.0357492384e+02	-2.0573867604e+00	0.0000000000e+00
1.0355121417e+02	-2.0469105404e+00	0.0000000000e+00
1.0352747698e+02	-2.0364968498e+00	0.0000000000e+00
1.0350371234e+02	-2.0261459685e+00	0.0000000000e+00
1.0347992031e+02	-2.0158581772e+00	0.0000000000e+00
1.0345610098e+02	-2.0056337570e+00	0.0000000000e+00
1.0343225443e+02	-1.9954729881e+00	0.0000000000e+00
1.0340838074e+02	-1.9853761454e+00	0.0000000000e+00
1.0338448000e+02	-1.9753435037e+00	0.0000000000e+00
1.0336055230e+02	-1.9653753387e+00	0.0000000000e+00
1.0333659773e+02	-1.9554719267e+00	0.0000000000e+00
1.0331261637e+02	-1.9456335447e+00	0.0000000000e+00
1.0328860833e+02	-1.9358604703e+00	0.0000000000e+00
1.0326457369e+02	-1.9261529820e+00	0.0000000000e+00
1.0324051255e+02	-1.9165113587e+00	0.0000000000e+00
1.0321642501e+02	-1.9069358803e+00	0.0000000000e+00
1.0319231118e+02	-1.8974268254e+00	0.0000000000e+00
1.0316817115e+02	-1.8879844675e+00	0.0000000000e+00
1.0314400503e+02	-1.8786090770e+00	0.0000000000e+00
1.0311981293e+02	-1.8693009253e+00	0.0000000000e+00
1.0309559497e+02	-1.8600602845e+00	0.0000000000e+00
1.0307135125e+02	-1.8508874274e+00	0.0000000000e+00
1.0304708189e+02	-1.8417826274e+00	0.0000000000e+00
1.0302278700e+02	-1.8327461584e+00	0.0000000000e+00
1.0299846671e+02	-1.8237782952e+00	0.0000000000e+00
1.0297412113e+02	-1.8148793129e+00	0.0000000000e+00
1.0294975038e+02	-1.8060494867e+00	0.0000000000e+00
1.0292535459e+02	-1.7972890839e+00	0.0000000000e+00
1.0290093389e+02	-1.7885983674e+00	0.0000000000e+00
1.0287648841e+02	-1.7799776007e+00	0.0000000000e+00
1.0285201828e+02	-1.7714270476e+00	0.0000000000e+00
1.0282752364e+02	-1.7629469729e+00	0.0000000000e+00
1.0280300462e+02	-1.7545376418e+00	0.0000000000e+00
1.0277846136e+02	-1.7461993201e+00	0.0000000000e+00
1.0275389400e+02	-1.7379322742e+00	0.0000000000e+00
1.0272930268e+02	-1.7297367709e+00	0.0000000000e+00
1.0270468754e+02	-1.7216130769e+00	0.0000000000e+00
1.0268004874e+02	-1.7135614503e+00	0.0000000000e+00
1.0265538643e+02	-1.7055821424e+00	0.0000000000e+00
1.0263070075e+02	-1.6976754050e+00	0.0000000000e+00
1.0260599186e+02	-1.6898414907e+00	0.0000000000e+00
1.0258125993e+02	-1.6820806522e+00	0.0000000000e+00
1.0255650510e+02	-1.6743931431e+00	0.0000000000e+00
1.0253172754e+02	-1.6667792173e+00	0.0000000000e+00
1.0250692742e+02	-1.6592391292e+00	0.0000000000e+00
1.0248210488e+02	-1.6517731342e+00	0.0000000000e+00
1.0245726011e+02	-1.6443814858e+00	0.0000000000e+00
1.0243239327e+02	-1.6370644285e+00	0.0000000000e+00
1.0240750453e+02	-1.6298221977e+00	0.0000000000e+00
1.0238259407e+02	-1.6226550299e+00	0.0000000000e+00
1.0235766207e+02	-1.6155631621e+00	0.0000000000e+00
1.0233270871e+02	-1.6085468314e+00	0.0000000000e+00
1.0230773416e+02	-1.6016062757e+00	0.0000000000e+00
1.0228273862e+02	-1.5947417332e+00	0.0000000000e+00
1.0225772226e+02	-1.5879534424e+00	0.0000000000e+00
1.0223268526e+02	-1.5812416425e+00	0.0000000000e+00
1.0220762783e+02	-1.5746065710e+00	0.0000000000e+00
1.0218255014e+02	-1.5680484515e+00	0.0000000000e+00
1.0215745241e+02	-1.5615675005e+00	0.0000000000e+00
1.0213233481e+02	-1.5551639351e+00	0.0000000000e+00
1.0210719756e+02	-1.5488379727e+00	0.0000000000e+00
1.0208204085e+02	-1.5425898310e+00	0.0000000000e+00
1.0205686489e+02	-1.5364197284e+00	0.0000000000e+00
1.0203166988e+02	-1.5303278832e+00	0.0000000000e+00
1.0200645602e+02	-1.5243145144e+00	0.0000000000e+00
1.0198122352e+02	-1.5183798411e+00	0.0000000000e+00
1.0195597260e+02	-1.5125240788e+00	0.0000000000e+00
1.0193070346e+02	-1.5067474258e+00	0.0000000000e+00
1.0190541632e+02	-1.5010500754e+00	0.0000000000e+00
1.0188011140e+02	-1.4954322215e+00	0.0000000000e+00
1.0185478892e+02	-1.4898940583e+00	0.0000000000e+00
1.0182944910e+02	-1.4844357803e+00	0.0000000000e+00
1.0180409216e+02	-1.4790575821e+00	0.0000000000e+00
1.0177871833e+02	-1.4737596588e+00	0.0000000000e+00
1.0175332783e+02	-1.4685422055e+00	0.0000000000e+00
1.0172792089e+02	-1.4634054184e+00	0.0000000000e+00
1.0170249774e+02	-1.4583494830e+00	0.0000000000e+00
1.0167705861e+02	-1.4533745692e+00	0.0000000000e+00
1.0165160373e+02	-1.4484808433e+00	0.0000000000e+00
1.0162613335e+02	-1.4436684726e+00	0.0000000000e+00
1.0160064770e+02	-1.4389376244e+00	0.0000000000e+00
1.0157514702e+02	-1.4342884661e+00	0.0000000000e+00
1.0154963156e+02	-1.4297211656e+00	0.0000000000e+00
1.0152410155e+02	-1.4252358908e+00	0.0000000000e+00
1.0149855723e+02	-1.4208328098e+00	0.0000000000e+00
1.0147299885e+02	-1.4165120903e+00	0.0000000000e+00
1.0144742666e+02	-1.4122738826e+00	0.0000000000e+00
1.0142184091e+02	-1.4081183248e+00	0.0000000000e+00
1.0139624186e+02	-1.4040455533e+00	0.0000000000e+00
1.0137062974e+02	-1.4000557054e+00	0.0000000000e+00
1.0134500483e+02	-1.3961489183e+00	0.0000000000e+00
1.0131936737e+02	-1.3923253295e+00	0.0000000000e+00
1.0129371762e+02	-1.3885850766e+00	0.0000000000e+00
1.0126805583e+02	-1.3849282970e+00	0.0000000000e+00
1.0124238227e+02	-1.3813551293e+00	0.0000000000e+00
1.0121669720e+02	-1.3778657054e+00	0.0000000000e+00
1.0119100087e+02	-1.3744601374e+00	0.0000000000e+00
1.0116529355e+02	-1.3711385290e+00	0.0000000000e+00
1.0113957551e+02	-1.3679009846e+00	0.0000000000e+00
1.0111384701e+02	-1.3647476087e+00	0.0000000000e+00
1.0108810833e+02	-1.3616785060e+00	0.0000000000e+00
1.0106235973e+02	-1.3586937810e+00	0.0000000000e+00
1.0103660147e+02	-1.3557935386e+00	0.0000000000e+00
1.0101083383e+02	-1.3529778833e+00	0.0000000000e+00
1.0098505707e+02	-1.3502469205e+00	0.0000000000e+00
1.0095927148e+02	-1.3476007396e+00	0.0000000000e+00
1.0093347731e+02	-1.3450394130e+00	0.0000000000e+00
1.0090767486e+02	-1.3425630097e+00	0.0000000000e+00
1.0088186439e+02	-1.3401715993e+00	0.0000000000e+00
1.0085604618e+02	-1.3378652515e+00	0.0000000000e+00
1.0083022051e+02	-1.3356440360e+00	0.0000000000e+00
1.0080438764e+02	-1.3335080227e+00	0.0000000000e+00
1.0077854788e+02	-1.3314572811e+00	0.0000000000e+00
1.0075270147e+02	-1.3294918813e+00	0.0000000000e+00
1.0072684872e+02	-1.3276118897e+00	0.0000000000e+00
1.0070098990e+02	-1.3258173499e+00	0.0000000000e+00
1.0067512528e+02	-1.3241082955e+00	0.0000000000e+00
1.0064925515e+02	-1.3224847602e+00	0.0000000000e+00
1.0062337980e+02	-1.3209467776e+00	0.0000000000e+00
1.0059749950e+02	-1.3194943813e+00	0.0000000000e+00
1.0057161454e+02	-1.3181276050e+00	0.0000000000e+00
1.0054572520e+02	-1.3168464825e+00	0.0000000000e+00
1.0051983177e+02	-1.3156510472e+00	0.0000000000e+00
1.0049393451e+02	-1.3145413331e+00	0.0000000000e+00
1.0046803373e+02	-1.3135173607e+00	0.0000000000e+00
1.0044212969e+02	-1.3125791295e+00	0.0000000000e+00
1.0041622269e+02	-1.3117266363e+00	0.0000000000e+00
1.0039031302e+02	-1.3109598781e+00	0.0000000000e+00
1.0036440095e+02	-1.3102788519e+00	0.0000000000e+00
1.0033848676e+02	-1.3096835546e+00	0.0000000000e+00
1.0031257076e+02	-1.3091739831e+00	0.0000000000e+00
1.0028665320e+02	-1.3087501344e+00	0.0000000000e+00
1.0026073439e+02	-1.3084120055e+00	0.0000000000e+00
1.0023481460e+02	-1.3081595904e+00	0.0000000000e+00
1.0020889411e+02	-1.3079928607e+00	0.0000000000e+00
1.0018297322e+02	-1.3079117768e+00	0.0000000000e+00
1.0015705220e+02	-1.3079162995e+00	0.0000000000e+00
1.0013113134e+02	-1.3080063893e+00	0.0000000000e+00
1.0010521092e+02	-1.3081820066e+00	0.0000000000e+00
1.0007929121e+02	-1.3084431121e+00	0.0000000000e+00
1.0005337251e+02	-1.3087896662e+00	0.0000000000e+00
1.0002745509e+02	-1.3092216297e+00	0.0000000000e+00
1.0000153923e+02	-1.3097389627e+00	0.0000000000e+00
9.9975625222e+01	-1.3103416146e+00	0.0000000000e+00
9.9949713332e+01	-1.3110295124e+00	0.0000000000e+00
9.9923803844e+01	-1.3118025814e+00	0.0000000000e+00
9.9897897034e+01	-1.3126607466e+00	0.0000000000e+00
9.9871993181e+01	-1.3136039331e+00	0.0000000000e+00
9.9846092559e+01	-1.3146320661e+00	0.0000000000e+00
9.9820195447e+01	-1.3157450707e+00	0.0000000000e+00
9.9794302117e+01	-1.3169428719e+00	0.0000000000e+00
9.9768412846e+01	-1.3182253958e+00	0.0000000000e+00
9.9742527907e+01	-1.3195925637e+00	0.0000000000e+00
9.9716647571e+01	-1.3210442792e+00	0.0000000000e+00
9.9690772111e+01	-1.3225804328e+00	0.0000000000e+00
9.9664901794e+01	-1.3242009162e+00	0.0000000000e+00
9.9639036891e+01	-1.3259056207e+00	0.0000000000e+00
9.9613177669e+01	-1.3276944377e+00	0.0000000000e+00
9.9587324395e+01	-1.3295672587e+00	0.0000000000e+00
9.9561477336e+01	-1.3315239753e+00	0.0000000000e+00
9.9535636756e+01	-1.3335644791e+00	0.0000000000e+00
9.9509802920e+01	-1.3356886620e+00	0.0000000000e+00
9.9483976091e+01	-1.3378964057e+00	0.0000000000e+00
9.9458156529e+01	-1.3401875732e+00	0.0000000000e+00
9.9432344493e+01	-1.3425620239e+00	0.0000000000e+00
9.9406540240e+01	-1.3450196179e+00	0.0000000000e+00
9.9380744027e+01	-1.3475602152e+00	0.0000000000e+00
9.9354956110e+01	-1.3501836759e+00	0.0000000000e+00
9.9329176742e+01	-1.3528898603e+00	0.0000000000e+00
9.9303406177e+01	-1.3556786286e+00	0.0000000000e+00
9.9277644668e+01	-1.3585498418e+00	0.0000000000e+00
9.9251892465e+01	-1.3615033581e+00	0.0000000000e+00
9.9226149816e+01	-1.3645390209e+00	0.0000000000e+00
9.9200416966e+01	-1.3676566609e+00	0.0000000000e+00
9.9174694160e+01	-1.3708561096e+00	0.0000000000e+00
9.9148981640e+01	-1.3741371986e+00	0.0000000000e+00
9.9123279648e+01	-1.3774997593e+00	0.0000000000e+00
9.9097588423e+01	-1.3809436236e+00	0.0000000000e+00
9.9071908205e+01	-1.3844686235e+00	0.0000000000e+00
9.9046239231e+01	-1.3880745908e+00	0.0000000000e+00
9.9020581738e+01	-1.3917613589e+00	0.0000000000e+00
9.8994935959e+01	-1.3955287530e+00	0.0000000000e+00
9.8969302125e+01	-1.3993765839e+00	0.0000000000e+00
9.8943680465e+01	-1.4033046568e+00	0.0000000000e+00
9.8918071205e+01	-1.4073127780e+00	0.0000000000e+00
9.8892474571e+01	-1.4114007537e+00	0.0000000000e+00
9.8866890787e+01	-1.4155683905e+00	0.0000000000e+00
9.8841320075e+01	-1.4198154951e+00	0.0000000000e+00
9.8815762656e+01	-1.4241418745e+00	0.0000000000e+00
9.8790218750e+01	-1.4285473360e+00	0.0000000000e+00
9.8764688575e+01	-1.4330316867e+00	0.0000000000e+00
9.8739172346e+01	-1.4375947235e+00	0.0000000000e+00
9.8713670275e+01	-1.4422362309e+00	0.0000000000e+00
9.8688182571e+01	-1.4469559932e+00	0.0000000000e+00
9.8662709442e+01	-1.4517537950e+00	0.0000000000e+00
9.8637251094e+01	-1.4566294208e+00	0.0000000000e+00
9.8611807731e+01	-1.4615826559e+00	0.0000000000e+00
9.8586379558e+01	-1.4666132855e+00	0.0000000000e+00
9.8560966776e+01	-1.4717210952e+00	0.0000000000e+00
9.8535569585e+01	-1.4769058716e+00	0.0000000000e+00
9.8510188183e+01	-1.4821673984e+00	0.0000000000e+00
9.8484822765e+01	-1.4875054489e+00	0.0000000000e+00
9.8459473522e+01	-1.4929197884e+00	0.0000000000e+00
9.8434140642e+01	-1.4984101835e+00	0.0000000000e+00
9.8408824315e+01	-1.5039764006e+00	0.0000000000e+00
9.8383524725e+01	-1.5096182068e+00	0.0000000000e+00
9.8358242057e+01	-1.5153353694e+00	0.0000000000e+00
9.8332976495e+01	-1.5211276561e+00	0.0000000000e+00
9.8307728219e+01	-1.5269948348e+00	0.0000000000e+00
9.8282497410e+01	-1.5329366745e+00	0.0000000000e+00
9.8257284243e+01	-1.5389529402e+00	0.0000000000e+00
9.8232088893e+01	-1.5450433867e+00	0.0000000000e+00
9.8206911529e+01	-1.5512077654e+00	0.0000000000e+00
9.8181752321e+01	-1.5574458286e+00	0.0000000000e+00
9.8156611434e+01	-1.5637573287e+00	0.0000000000e+00
9.8131489035e+01	-1.5701420187e+00	0.0000000000e+00
9.8106385286e+01	-1.5765996520e+00	0.0000000000e+00
9.8081300350e+01	-1.5831299824e+00	0.0000000000e+00
9.8056234388e+01	-1.5897327641e+00	0.0000000000e+00
9.8031187557e+01	-1.5964077519e+00	0.0000000000e+00
9.8006160013e+01	-1.6031546966e+00	0.0000000000e+00
9.7981151908e+01	-1.6099733402e+00	0.0000000000e+00
9.7956163391e+01	-1.6168634239e+00	0.0000000000e+00
9.7931194611e+01	-1.6238246893e+00	0.0000000000e+00
9.7906245713e+01	-1.6308568786e+00	0.0000000000e+00
9.7881316841e+01	-1.6379597342e+00	0.0000000000e+00
9.7856408138e+01	-1.6451329993e+00	0.0000000000e+00
9.7831519745e+01	-1.6523764175e+00	0.0000000000e+00
9.7806651801e+01	-1.6596897327e+00	0.0000000000e+00
9.7781804444e+01	-1.6670726897e+00	0.0000000000e+00
9.7756977808e+01	-1.6745250288e+00	0.0000000000e+00
9.7732172024e+01	-1.6820464845e+00	0.0000000000e+00
9.7707387221e+01	-1.6896367910e+00	0.0000000000e+00
9.7682623527e+01	-1.6972956829e+00	0.0000000000e+00
9.7657881065e+01	-1.7050228953e+00	0.0000000000e+00
9.7633159961e+01	-1.7128181641e+00	0.0000000000e+00
9.7608460336e+01	-1.7206812253e+00	0.0000000000e+00
9.7583782311e+01	-1.7286118158e+00	0.0000000000e+00
9.7559126003e+01	-1.7366096728e+00	0.0000000000e+00
9.7534491531e+01	-1.7446745345e+00	0.0000000000e+00
9.7509879009e+01	-1.7528061353e+00	0.0000000000e+00
9.7485288546e+01	-1.7610042056e+00	0.0000000000e+00
9.7460720253e+01	-1.7692684758e+00	0.0000000000e+00
9.7436174236e+01	-1.7775986768e+00	0.0000000000e+00
9.7411650600e+01	-1.7859945400e+00	0.0000000000e+00
9.7387149451e+01	-1.7944557974e+00	0.0000000000e+00
9.7362670889e+01	-1.8029821815e+00	0.0000000000e+00
9.7338215016e+01	-1.8115734256e+00	0.0000000000e+00
9.7313781931e+01	-1.8202292635e+00	0.0000000000e+00
9.7289371730e+01	-1.8289494294e+00	0.0000000000e+00
9.7264984508e+01	-1.8377336560e+00	0.0000000000e+00
9.7240620358e+01	-1.8465816726e+00	0.0000000000e+00
9.7216279370e+01	-1.8554932088e+00	0.0000000000e+00
9.7191961631e+01	-1.8644679946e+00	0.0000000000e+00
9.7167667229e+01	-1.8735057606e+00	0.0000000000e+00
9.7143396248e+01	-1.8826062381e+00	0.0000000000e+00
9.7119148772e+01	-1.8917691591e+00	0.0000000000e+00
9.7094924883e+01	-1.9009942558e+00	0.0000000000e+00
9.7070724662e+01	-1.9102812615e+00	0.0000000000e+00
9.7046548186e+01	-1.9196299099e+00	0.0000000000e+00
9.7022395533e+01	-1.9290399342e+00	0.0000000000e+00
9.6998266777e+01	-1.9385110655e+00	0.0000000000e+00
9.6974161990e+01	-1.9480430351e+00	0.0000000000e+00
9.6950081243e+01	-1.9576355746e+00	0.0000000000e+00
9.6926024605e+01	-1.9672884166e+00	0.0000000000e+00
9.6901992144e+01	-1.9770012939e+00	0.0000000000e+00
9.6877983925e+01	-1.9867739402e+00	0.0000000000e+00
9.6854000013e+01	-1.9966060897e+00	0.0000000000e+00
9.6830040471e+01	-2.0064974774e+00	0.0000000000e+00
9.6806105361e+01	-2.0164478388e+00	0.0000000000e+00
9.6782194742e+01	-2.0264569099e+00	0.0000000000e+00
9.6758308672e+01	-2.0365244257e+00	0.0000000000e+00
9.6734447208e+01	-2.0466501214e+00	0.0000000000e+00
9.6710610403e+01	-2.0568337327e+00	0.0000000000e+00
9.6686798311e+01	-2.0670749960e+00	0.0000000000e+00
9.6663010984e+01	-2.0773736483e+00	0.0000000000e+00
9.6639248471e+01	-2.0877294272e+00	0.0000000000e+00
9.6615510820e+01	-2.0981420709e+00	0.0000000000e+00
9.6591798080e+01	-2.1086113183e+00	0.0000000000e+00
9.6568110296e+01	-2.1191369090e+00	0.0000000000e+00
9.6544447511e+01	-2.1297185832e+00	0.0000000000e+00
9.6520809770e+01	-2.1403560816e+00	0.0000000000e+00
9.6497197113e+01	-2.1510491451e+00	0.0000000000e+00
9.6473609579e+01	-2.1617975153e+00	0.0000000000e+00
9.6450047208e+01	-2.1726009343e+00	0.0000000000e+00
9.6426510037e+01	-2.1834591449e+00	0.0000000000e+00
9.6402998100e+01	-2.1943718906e+00	0.0000000000e+00
9.6379511432e+01	-2.2053389153e+00	0.0000000000e+00
9.6356050067e+01	-2.2163599638e+00	0.0000000000e+00
9.6332614034e+01	-2.2274347813e+00	0.0000000000e+00
9.6309203366e+01	-2.2385631141e+00	0.0000000000e+00
9.6285818090e+01	-2.2497447089e+00	0.0000000000e+00
9.6262458235e+01	-2.2609793140e+00	0.0000000000e+00
9.6239123827e+01	-2.2722666782e+00	0.0000000000e+00
9.6215814891e+01	-2.2836065510e+00	0.0000000000e+00
9.6192531453e+01	-2.2949986826e+00	0.0000000000e+00
9.6169273533e+01	-2.3064428235e+00	0.0000000000e+00
9.6146041154e+01	-2.3179387252e+00	0.0000000000e+00
9.6122834336e+01	-2.3294861396e+00	0.0000000000e+00
9.6099653098e+01	-2.3410848193e+00	0.0000000000e+00
9.6076497456e+01	-2.3527345176e+00	0.0000000000e+00
9.6053367429e+01	-2.3644349885e+00	0.0000000000e+00
9.6030263031e+01	-2.3761859877e+00	0.0000000000e+00
9.6007184278e+01	-2.3879872726e+00	0.0000000000e+00
9.5984131183e+01	-2.3998386012e+00	0.0000000000e+00
9.5961103758e+01	-2.4117397320e+00	0.0000000000e+00
9.5938102016e+01	-2.4236904243e+00	0.0000000000e+00
9.5915125967e+01	-2.4356904376e+00	0.0000000000e+00
9.5892175618e+01	-2.4477395326e+00	0.0000000000e+00
9.5869250979e+01	-2.4598374702e+00	0.0000000000e+00
9.5846352055e+01	-2.4719840120e+00	0.0000000000e+00
9.5823478853e+01	-2.4841789205e+00	0.0000000000e+00
9.5800631376e+01	-2.4964219588e+00	0.0000000000e+00
9.5777809629e+01	-2.5087128928e+00	0.0000000000e+00
9.5755013617e+01	-2.5210514900e+00	0.0000000000e+00
9.5732243340e+01	-2.5334375182e+00	0.0000000000e+00
9.5709498802e+01	-2.5458707459e+00	0.0000000000e+00
9.5686780002e+01	-2.5583509424e+00	0.0000000000e+00
9.5664086939e+01	-2.5708778774e+00	0.0000000000e+00
9.5641419613e+01	-2.5834513211e+00	0.0000000000e+00
9.5618778019e+01	-2.5960710444e+00	0.0000000000e+00
9.5596162155e+01	-2.6087368191e+00	0.0000000000e+00
9.5573572014e+01	-2.6214484170e+00	0.0000000000e+00
9.5551007592e+01	-2.6342056120e+00	0.0000000000e+00
9.5528468882e+01	-2.6470081802e+00	0.0000000000e+00
9.5505955880e+01	-2.6598558999e+00	0.0000000000e+00
9.5483468577e+01	-2.6727485495e+00	0.0000000000e+00
9.5461006967e+01	-2.6856859081e+00	0.0000000000e+00
9.5438571040e+01	-2.6986677553e+00	0.0000000000e+00
9.5416160786e+01	-2.7116938714e+00	0.0000000000e+00
9.5393776195e+01	-2.7247640372e+00	0.0000000000e+00
9.5371417253e+01	-2.7378780340e+00	0.0000000000e+00
9.5349083949e+01	-2.7510356439e+00	0.0000000000e+00
9.5326776268e+01	-2.7642366494e+00	0.0000000000e+00
9.5304494196e+01	-2.7774808345e+00	0.0000000000e+00
9.5282237719e+01	-2.7907679866e+00	0.0000000000e+00
9.5260006823e+01	-2.8040978947e+00	0.0000000000e+00
9.5237801494e+01	-2.8174703481e+00	0.0000000000e+00
9.5215621714e+01	-2.8308851370e+00	0.0000000000e+00
9.5193467468e+01	-2.8443420518e+00	0.0000000000e+00
9.5171338738e+01	-2.8578408836e+00	0.0000000000e+00
9.5149235504e+01	-2.8713814241e+00	0.0000000000e+00
9.5127157748e+01	-2.8849634654e+00	0.0000000000e+00
9.5105105448e+01	-2.8985868003e+00	0.0000000000e+00
9.5083078584e+01	-2.9122512222e+00	0.0000000000e+00
9.5061077133e+01	-2.9259565255e+00	0.0000000000e+00
9.5039101075e+01	-2.9397025083e+00	0.0000000000e+00
9.5017150389e+01	-2.9534889706e+00	0.0000000000e+00
9.4995225052e+01	-2.9673157130e+00	0.0000000000e+00
9.4973325044e+01	-2.9811825366e+00	0.0000000000e+00
9.4951450339e+01	-2.9950892428e+00	0.0000000000e+00
9.4929600915e+01	-3.0090356338e+00	0.0000000000e+00
9.4907776745e+01	-3.0230215121e+00	0.0000000000e+00
9.4885977805e+01	-3.0370466810e+00	0.0000000000e+00
9.4864204066e+01	-3.0511109440e+00	0.0000000000e+00
9.4842455503e+01	-3.0652141053e+00	0.0000000000e+00
9.4820732086e+01	-3.0793559701e+00	0.0000000000e+00
9.4799033789e+01	-3.0935363463e+00	0.0000000000e+00
9.4777360585e+01	-3.1077550451e+00	0.0000000000e+00
9.4755712447e+01	-3.1220118780e+00	0.0000000000e+00
9.4734089347e+01	-3.1363066571e+00	0.0000000000e+00
9.4712491256e+01	-3.1506391951e+00	0.0000000000e+00
9.4690918145e+01	-3.1650093049e+00	0.0000000000e+00
9.4669369984e+01	-3.1794168002e+00	0.0000000000e+00
9.4647846741e+01	-3.1938614949e+00	0.0000000000e+00
9.4626348386e+01	-3.2083432038e+00	0.0000000000e+00
9.4604874886e+01	-3.2228617417e+00	0.0000000000e+00
9.4583426207e+01	-3.2374169243e+00	0.0000000000e+00
9.4562002316e+01	-3.2520085692e+00	0.0000000000e+00
9.4540603184e+01	-3.2666364977e+00	0.0000000000e+00
9.4519228777e+01	-3.2813005323e+00	0.0000000000e+00
9.4497879065e+01	-3.2960004961e+00	0.0000000000e+00
9.4476554013e+01	-3.3107362125e+00	0.0000000000e+00
9.4455253589e+01	-3.3255075054e+00	0.0000000000e+00
9.4433977757e+01	-3.3403141991e+00	0.0000000000e+00
9.4412726485e+01	-3.3551561185e+00	0.0000000000e+00
9.4391499735e+01	-3.3700330889e+00	0.0000000000e+00
9.4370297471e+01	-3.3849449360e+00	0.0000000000e+00
9.4349119657e+01	-3.3998914861e+00	0.0000000000e+00
9.4327966255e+01	-3.4148725661e+00	0.0000000000e+00
9.4306837229e+01	-3.4298880063e+00	0.0000000000e+00
9.4285732545e+01	-3.4449376397e+00	0.0000000000e+00
9.4264652167e+01	-3.4600213000e+00	0.0000000000e+00
9.4243596058e+01	-3.4751388213e+00	0.0000000000e+00
9.4222564182e+01	-3.4902900380e+00	0.0000000000e+00
9.4201556502e+01	-3.5054747850e+00	0.0000000000e+00
9.4180572980e+01	-3.5206928978e+00	0.0000000000e+00
9.4159613576e+01	-3.5359442119e+00	0.0000000000e+00
9.4138678253e+01	-3.5512285638e+00	0.0000000000e+00
9.4117766970e+01	-3.5665457900e+00	0.0000000000e+00
9.4096879688e+01	-3.5818957277e+00	0.0000000000e+00
9.4076016365e+01	-3.5972782149e+00	0.0000000000e+00
9.4055176963e+01	-3.6126930938e+00	0.0000000000e+00
9.4034361444e+01	-3.6281402082e+00	0.0000000000e+00
9.4013569770e+01	-3.6436194026e+00	0.0000000000e+00
9.3992801902e+01	-3.6591305216e+00	0.0000000000e+00
9.3972057800e+01	-3.6746734104e+00	0.0000000000e+00
9.3951337423e+01	-3.6902479145e+00	0.0000000000e+00
9.3930640733e+01	-3.7058538798e+00	0.0000000000e+00
9.3909967686e+01	-3.7214911527e+00	0.0000000000e+00
9.3889318241e+01	-3.7371595798e+00	0.0000000000e+00
9.3868692357e+01	-3.7528590085e+00	0.0000000000e+00
9.3848089990e+01	-3.7685892862e+00	0.0000000000e+00
9.3827511098e+01	-3.7843502619e+00	0.0000000000e+00
9.3806955640e+01	-3.8001417880e+00	0.0000000000e+00
9.3786423575e+01	-3.8159637191e+00	0.0000000000e+00
9.3765914864e+01	-3.8318159095e+00	0.0000000000e+00
9.3745429466e+01	-3.8476982143e+00	0.0000000000e+00
9.3724967338e+01	-3.8636104888e+00	0.0000000000e+00
9.3704528438e+01	-3.8795525887e+00	0.0000000000e+00
9.3684112725e+01	-3.8955243701e+00	0.0000000000e+00
9.3663720154e+01	-3.9115256894e+00	0.0000000000e+00
9.3643350682e+01	-3.9275564034e+00	0.0000000000e+00
9.3623004266e+01	-3.9436163694e+00	0.0000000000e+00
9.3602680861e+01	-3.9597054449e+00	0.0000000000e+00
9.3582380421e+01	-3.9758234887e+00	0.0000000000e+00
9.3562102906e+01	-3.9919703630e+00	0.0000000000e+00
9.3541848274e+01	-4.0081459320e+00	0.0000000000e+00
9.3521616482e+01	-4.0243500599e+00	0.0000000000e+00
9.3501407489e+01	-4.0405826116e+00	0.0000000000e+00
9.3481221250e+01	-4.0568434520e+00	0.0000000000e+00
9.3461057723e+01	-4.0731324465e+00	0.0000000000e+00
9.3440916864e+01	-4.0894494608e+00	0.0000000000e+00
9.3420798629e+01	-4.1057943611e+00	0.0000000000e+00
9.3400702972e+01	-4.1221670137e+00	0.0000000000e+00
9.3380629849e+01	-4.1385672853e+00	0.0000000000e+00
9.3360579215e+01	-4.1549950432e+00	0.0000000000e+00
9.3340551024e+01	-4.1714501551e+00	0.0000000000e+00
9.3320545231e+01	-4.1879324921e+00	0.0000000000e+00
9.3300561796e+01	-4.2044419273e+00	0.0000000000e+00
9.3280600673e+01	-4.2209783345e+00	0.0000000000e+00
9.3260661822e+01	-4.2375415876e+00	0.0000000000e+00
9.3240745197e+01	-4.2541315607e+00	0.0000000000e+00
9.3220850754e+01	-4.2707481284e+00	0.0000000000e+00
9.3200978450e+01	-4.2873911657e+00	0.0000000000e+00
9.3181128240e+01	-4.3040605477e+00	0.0000000000e+00
9.3161300077e+01	-4.3207561499e+00	0.0000000000e+00
9.3141493917e+01	-4.3374778481e+00	0.0000000000e+00
9.3121709714e+01	-4.3542255186e+00	0.0000000000e+00
9.3101947421e+01	-4.3709990377e+00	0.0000000000e+00
9.3082206994e+01	-4.3877982842e+00	0.0000000000e+00
9.3062488388e+01	-4.4046231395e+00	0.0000000000e+00
9.3042791562e+01	-4.4214734862e+00	0.0000000000e+00
9.3023116471e+01	-4.4383492068e+00	0.0000000000e+00
9.3003463071e+01	-4.4552501842e+00	0.0000000000e+00
9.2983831318e+01	-4.4721763017e+00	0.0000000000e+00
9.2964221168e+01	-4.4891274427e+00	0.0000000000e+00
9.2944632576e+01	-4.5061034910e+00	0.0000000000e+00
9.2925065497e+01	-4.5231043306e+00	0.0000000000e+00
9.2905519884e+01	-4.5401298461e+00	0.0000000000e+00
9.2885995692e+01	-4.5571799219e+00	0.0000000000e+00
9.2866492874e+01	-4.5742544432e+00	0.0000000000e+00
9.2847011386e+01	-4.5913532954e+00	0.0000000000e+00
9.2827551181e+01	-4.6084763673e+00	0.0000000000e+00
9.2808112217e+01	-4.6256235495e+00	0.0000000000e+00
9.2788694452e+01	-4.6427947327e+00	0.0000000000e+00
9.2769297840e+01	-4.6599898080e+00	0.0000000000e+00
9.2749922338e+01	-4.6772086668e+00	0.0000000000e+00
9.2730567903e+01	-4.6944512007e+00	0.0000000000e+00
9.2711234488e+01	-4.7117173016e+00	0.0000000000e+00
9.2691922050e+01	-4.7290068617e+00	0.0000000000e+00
9.2672630543e+01	-4.7463197733e+00	0.0000000000e+00
9.2653359921e+01	-4.7636559292e+00	0.0000000000e+00
9.2634110140e+01	-4.7810152224e+00	0.0000000000e+00
9.2614881151e+01	-4.7983975461e+00	0.0000000000e+00
9.2595672911e+01	-4.8158027945e+00	0.0000000000e+00
9.2576485376e+01	-4.8332308651e+00	0.0000000000e+00
9.2557318503e+01	-4.8506816563e+00	0.0000000000e+00
9.2538172248e+01	-4.8681550670e+00	0.0000000000e+00
9.2519046568e+01	-4.8856509961e+00	0.0000000000e+00
9.2499941420e+01	-4.9031693427e+00	0.0000000000e+00
9.2480856759e+01	-4.9207100063e+00	0.0000000000e+00
9.2461792541e+01	-4.9382728867e+00	0.0000000000e+00
9.2442748723e+01	-4.9558578837e+00	0.0000000000e+00
9.2423725258e+01	-4.9734648976e+00	0.0000000000e+00
9.2404722102e+01	-4.9910938287e+00	0.0000000000e+00
9.2385739209e+01	-5.0087445779e+00	0.0000000000e+00
9.2366776534e+01	-5.0264170459e+00	0.0000000000e+00
9.2347834033e+01	-5.0441111350e+00	0.0000000000e+00
9.2328911661e+01	-5.0618267502e+00	0.0000000000e+00
9.2310009378e+01	-5.0795637973e+00	0.0000000000e+00
9.2291127140e+01	-5.0973221825e+00	0.0000000000e+00
9.2272264905e+01	-5.1151018120e+00	0.0000000000e+00
9.2253422628e+01	-5.1329025925e+00	0.0000000000e+00
9.2234600268e+01	-5.1507244308e+00	0.0000000000e+00
9.2215797781e+01	-5.1685672337e+00	0.0000000000e+00
9.2197015122e+01	-5.1864309085e+00	0.0000000000e+00
9.2178252247e+01	-5.2043153627e+00	0.0000000000e+00
9.2159509113e+01	-5.2222205039e+00	0.0000000000e+00
9.2140785675e+01	-5.2401462401e+00	0.0000000000e+00
9.2122081888e+01	-5.2580924792e+00	0.0000000000e+00
9.2103397708e+01	-5.2760591305e+00	0.0000000000e+00
9.2084733092e+01	-5.2940461056e+00	0.0000000000e+00
9.2066087999e+01	-5.3120533174e+00	0.0000000000e+00
9.2047462388e+01	-5.3300806788e+00	0.0000000000e+00
9.2028856216e+01	-5.3481281030e+00	0.0000000000e+00
9.2010269441e+01	-5.3661955034e+00	0.0000000000e+00
9.1991702021e+01	-5.3842827935e+00	0.0000000000e+00
9.1973153913e+01	-5.4023898872e+00	0.0000000000e+00
9.1954625074e+01	-5.4205166984e+00	0.0000000000e+00
9.1936115461e+01	-5.4386631413e+00	0.0000000000e+00
9.1917625031e+01	-5.4568291303e+00	0.0000000000e+00
9.1899153741e+01	-5.4750145800e+00	0.0000000000e+00
9.1880701546e+01	-5.4932194052e+00	0.0000000000e+00
9.1862268403e+01	-5.5114435212e+00	0.0000000000e+00
9.1843854271e+01	-5.5296868456e+00	0.0000000000e+00
9.1825459108e+01	-5.5479492975e+00	0.0000000000e+00
9.1807082875e+01	-5.5662307961e+00	0.0000000000e+00
9.1788725529e+01	-5.5845312610e+00	0.0000000000e+00
9.1770387030e+01	-5.6028506117e+00	0.0000000000e+00
9.1752067337e+01	-5.6211887682e+00	0.0000000000e+00
9.1733766407e+01	-5.6395456504e+00	0.0000000000e+00
9.1715484199e+01	-5.6579211786e+00	0.0000000000e+00
9.1697220672e+01	-5.6763152732e+00	0.0000000000e+00
9.1678975782e+01	-5.6947278547e+00	0.0000000000e+00
9.1660749488e+01	-5.7131588440e+00	0.0000000000e+00
9.1642541747e+01	-5.7316081619e+00	0.0000000000e+00
9.1624352517e+01	-5.7500757297e+00	0.0000000000e+00
9.1606181756e+01	-5.7685614700e+00	0.0000000000e+00
9.1588029424e+01	-5.7870653074e+00	0.0000000000e+00
9.1569895482e+01	-5.8055871675e+00	0.0000000000e+00
9.1551779890e+01	-5.8241269758e+00	0.0000000000e+00
9.1533682609e+01	-5.8426846578e+00	0.0000000000e+00
9.1515603598e+01	-5.8612601396e+00	0.0000000000e+00
9.1497542818e+01	-5.8798533470e+00	0.0000000000e+00
9.1479500228e+01	-5.8984642063e+00	0.0000000000e+00
9.1461475787e+01	-5.9170926439e+00	0.0000000000e+00
9.1443469455e+01	-5.9357385862e+00	0.0000000000e+00
9.1425481191e+01	-5.9544019600e+00	0.0000000000e+00
9.1407510955e+01	-5.9730826922e+00	0.0000000000e+00
9.1389558704e+01	-5.9917807097e+00	0.0000000000e+00
9.1371624399e+01	-6.0104959398e+00	0.0000000000e+00
9.1353707998e+01	-6.0292283116e+00	0.0000000000e+00
9.1335809464e+01	-6.0479777552e+00	0.0000000000e+00
9.1317928758e+01	-6.0667442010e+00	0.0000000000e+00
9.1300065840e+01	-6.0855275794e+00	0.0000000000e+00
9.1282220671e+01	-6.1043278213e+00	0.0000000000e+00
9.1264393211e+01	-6.1231448573e+00	0.0000000000e+00
9.1246583422e+01	-6.1419786186e+00	0.0000000000e+00
9.1228791263e+01	-6.1608290362e+00	0.0000000000e+00
9.1211016696e+01	-6.1796960415e+00	0.0000000000e+00
9.1193259678e+01	-6.1985795660e+00	0.0000000000e+00
9.1175520172e+01	-6.2174795411e+00	0.0000000000e+00
9.1157798136e+01	-6.2363958988e+00	0.0000000000e+00
9.1140093530e+01	-6.2553285710e+00	0.0000000000e+00
9.1122406313e+01	-6.2742774900e+00	0.0000000000e+00
9.1104736450e+01	-6.2932425918e+00	0.0000000000e+00
9.1087083905e+01	-6.3122238138e+00	0.0000000000e+00
9.1069448641e+01	-6.3312210937e+00	0.0000000000e+00
9.1051830625e+01	-6.3502343693e+00	0.0000000000e+00
9.1034229820e+01	-6.3692635785e+00	0.0000000000e+00
9.1016646190e+01	-6.3883086594e+00	0.0000000000e+00
9.0999079699e+01	-6.4073695502e+00	0.0000000000e+00
9.0981530311e+01	-6.4264461891e+00	0.0000000000e+00
9.0963997991e+01	-6.4455385147e+00	0.0000000000e+00
9.0946482702e+01	-6.4646464656e+00	0.0000000000e+00
9.0928984407e+01	-6.4837699805e+00	0.0000000000e+00
9.0911503069e+01	-6.5029089983e+00	0.0000000000e+00
9.0894038653e+01	-6.5220634580e+00	0.0000000000e+00
9.0876591121e+01	-6.5412332984e+00	0.0000000000e+00
9.0859160433e+01	-6.5604184556e+00	0.0000000000e+00
9.0841746546e+01	-6.5796188643e+00	0.0000000000e+00
9.0824349418e+01	-6.5988344594e+00	0.0000000000e+00
9.0806969007e+01	-6.6180651757e+00	0.0000000000e+00
9.0789605269e+01	-6.6373109484e+00	0.0000000000e+00
9.0772258163e+01	-6.6565717127e+00	0.0000000000e+00
9.0754927644e+01	-6.6758474041e+00	0.0000000000e+00
9.0737613670e+01	-6.6951379580e+00	0.0000000000e+00
9.0720316199e+01	-6.7144433101e+00	0.0000000000e+00
9.0703035185e+01	-6.7337633963e+00	0.0000000000e+00
9.0685770587e+01	-6.7530981526e+00	0.0000000000e+00
9.0668522360e+01	-6.7724475150e+00	0.0000000000e+00
9.0651290461e+01	-6.7918114196e+00	0.0000000000e+00
9.0634074847e+01	-6.8111898040e+00	0.0000000000e+00
9.0616875491e+01	-6.8305826197e+00	0.0000000000e+00
9.0599692382e+01	-6.8499898330e+00	0.0000000000e+00
9.0582525511e+01	-6.8694114106e+00	0.0000000000e+00
9.0565374866e+01	-6.8888473193e+00	0.0000000000e+00
9.0548240438e+01	-6.9082975257e+00	0.0000000000e+00
9.0531122217e+01	-6.9277619968e+00	0.0000000000e+00
9.0514020191e+01	-6.9472406994e+00	0.0000000000e+00
9.0496934350e+01	-6.9667336005e+00	0.0000000000e+00
9.0479864684e+01	-6.9862406672e+00	0.0000000000e+00
9.0462811182e+01	-7.0057618665e+00	0.0000000000e+00
9.0445773833e+01	-7.0252971656e+00	0.0000000000e+00
9.0428752628e+01	-7.0448465317e+00	0.0000000000e+00
9.0411747554e+01	-7.0644099319e+00	0.0000000000e+00
9.0394758603e+01	-7.0839873339e+00	0.0000000000e+00
9.0377785736e+01	-7.1035786826e+00	0.0000000000e+00
9.0360828845e+01	-7.1231838611e+00	0.0000000000e+00
9.0343887809e+01	-7.1428027407e+00	0.0000000000e+00
9.0326962504e+01	-7.1624351932e+00	0.0000000000e+00
9.0310052806e+01	-7.1820810907e+00	0.0000000000e+00
9.0293158594e+01	-7.2017403056e+00	0.0000000000e+00
9.0276279742e+01	-7.2214127106e+00	0.0000000000e+00
9.0259416128e+01	-7.2410981787e+00	0.0000000000e+00
9.0242567626e+01	-7.2607965834e+00	0.0000000000e+00
9.0225734113e+01	-7.2805077981e+00	0.0000000000e+00
9.0208915464e+01	-7.3002316970e+00	0.0000000000e+00
9.0192111553e+01	-7.3199681539e+00	0.0000000000e+00
9.0175322257e+01	-7.3397170448e+00	0.0000000000e+00
9.0158547445e+01	-7.3594782400e+00	0.0000000000e+00
9.0141787011e+01	-7.3792516312e+00	0.0000000000e+00
9.0125041028e+01	-7.3990372623e+00	0.0000000000e+00
9.0108309793e+01	-7.4188353667e+00	0.0000000000e+00
9.0091593603e+01	-7.4386461754e+00	0.0000000000e+00
